data:
  dataset_profile: sen2venus_2x
  profiles:
    sen2venus_2x:
      dataset_root: data/sen2vnus/b2b3b4b8
      lr_subdir: 10m
      hr_subdir: 05m
      lr_suffix: _10m.tif
      hr_suffix: _05m.tif
      save_dir: outputs/sen2venus/2x
      scale: 2
      num_channels: 4
      lr_crop_size: 128
      batch_size: 4
      num_workers: 8
      split_ratio: 0.9
      normalization:
        type: standard
        hr_mean: [443.8295324843426, 715.2475080076206, 812.510703504323, 2603.4596506678454]
        hr_std:  [279.6646930511296, 384.93763506356373, 647.6242385276602, 796.5047052504515]
        hr_min:  [-687.0, -3060.0, -5122.0, -3851.0]
        hr_max:  [14748.0, 14960.0, 16472.0, 15818.0]
        lr_mean: [443.3704951438656, 714.7480041310446, 812.1219854195612, 2601.385731425046]
        lr_std:  [283.76059180171455, 388.91975450122965, 650.3453809595878, 811.0603721235045]
        lr_min:  [-848.0, -683.0, -692.0, -323.0]
        lr_max:  [19684.0, 17982.0, 17050.0, 15958.0]
    sen2venus_4x:
      dataset_root: data/sen2vnus/b5b6b7b8a
      lr_subdir: 20m
      hr_subdir: 05m
      lr_suffix: _20m.tif
      hr_suffix: _05m.tif
      save_dir: outputs/sen2venus/4x
      scale: 4
      num_channels: 4
      lr_crop_size: 64
      batch_size: 4
      num_workers: 4
      split_ratio: 0.9
      normalization:
        type: standard
        hr_mean: [1181.900067487117, 2153.96013987168, 2506.046448444933, 2799.4845253024364]
        hr_std:  [593.9354349747982, 643.3813589029967, 777.3617569284803, 828.8340494978241]
        hr_min:  [-8687.0, -3340.0, -2245.0, -5048.0]
        hr_max:  [20197.0, 16498.0, 16674.0, 17307.0]
        lr_mean: [1179.7446165528804, 2148.278625439646, 2499.524473974721, 2792.5330983342737]
        lr_std:  [591.6272655530012, 638.5791745711924, 769.1374100673484, 819.315034367965]
        lr_min:  [-446.0, -295.0, -340.0, -374.0]
        lr_max:  [13085.0, 15898.0, 15551.0, 15079.0]

#for New Model
training:
  epochs: 250
  start_epoch: 0
  lr: 0.0002
  weight_decay: 0.0001
  eta_min: 0.000001
  clip_grad_norm: null

loss:
  lambda_l1: 1.0
  lambda_ssim: 0.1
  lambda_edge: 0.05
  lambda_freq: 0.01
  window_size: 5


model:
  window_size: 8
  depths: [6, 6, 6, 6, 6, 6]
  num_heads: [6, 6, 6, 6, 6, 6]
  embed_dim: 180
  mlp_ratio: 2.0
  sfg_kernel_size: 5
  drop: 0.0
  gate_reduction: 8


